start=4068.647917
pause=yes
volume=128.000000
sid=1
