start=9547.120917
volume=112.000000
fullscreen=yes
border=no
sid=1
