start=11488.810667
volume=102.000000
