start=7900.434208
volume=90.000000
sid=1
