start=8811.886417
volume=76.000000
sid=1
