start=8217.792000
volume=122.000000
fullscreen=yes
border=no
sid=1
